1
14
1673
2
6
4584
3
18
1838
4
1
5969
5
1
5005
6
3
5554
7
16
4398
8
20
5147
9
17
4735
10
8
5971
11
5
2019
12
6
3351
13
15
2518
14
7
4721
15
5
6244
16
4
6690
17
14
6104
18
11
7649
19
20
5158
20
9
2910
21
13
3603
22
9
2213
23
3
5630
24
13
2187
25
4
2456
26
10
6636
27
7
2945
28
10
2678
29
12
3224
30
5
5247
31
20
8148
32
20
4123
33
8
2544
34
14
7727
35
1
6044
36
4
7781
37
17
7410
38
3
6622
39
5
5253
40
9
2183
41
20
3048
42
12
3422
43
15
2011
44
11
2411
45
5
7636
46
8
2175
47
6
7861
48
14
2039
49
6
7878
50
8
3110
51
13
6962
52
9
3760
53
13
2892
54
16
7289
55
7
3169
56
17
2441
57
3
2432
58
8
4474
59
15
7271
60
16
6400
61
8
3491
62
9
4521
63
13
8161
64
20
5291
65
13
7583
66
8
4793
67
9
7214
68
18
5006
69
20
4904
70
13
6242
71
11
4370
72
17
6514
73
17
8167
74
11
2255
75
17
5077
76
14
6193
77
9
5285
78
9
3481
79
20
2964
80
4
2877
81
14
7712
82
1
6822
83
1
7198
84
2
1891
85
20
2330
86
5
4319
87
16
2360
88
1
3803
89
12
5143
90
18
7389
91
18
1814
92
10
3290
93
13
1230
94
15
7791
95
4
4804
96
7
6566
97
19
2803
98
14
3553
99
7
6254
100
18
2076
101
6
5378
102
13
4978
103
4
3495
104
9
3188
105
15
2332
106
3
2206
107
10
5882
108
10
6620
109
20
6199
110
11
7855
111
18
5218
112
12
4443
113
8
7631
114
5
7301
115
8
4587
116
4
4441
117
14
2116
118
5
5164
119
13
3460
120
20
3243
121
9
5888
122
19
7130
123
17
2754
124
18
5990
125
14
1601
126
18
2579
127
2
6955
128
19
3320
129
15
5019
130
14
4345
131
11
2639
132
18
5696
133
14
7894
134
2
7088
135
19
4200
136
12
6935
137
19
2391
138
15
2437
139
13
4077
140
15
3406
141
11
3236
142
14
8117
143
4
2950
144
18
2144
145
3
5388
146
3
4604
147
1
3497
148
14
2337
149
14
1874
150
17
3180
151
14
4992
152
12
3153
153
5
4237
154
18
6761
155
5
5022
156
12
1637
157
17
3053
158
3
4123
159
3
6570
160
9
3061
161
8
3634
162
7
5860
163
9
6888
164
4
5997
165
14
4769
166
7
2546
167
15
5584
168
10
4805
169
8
5551
170
7
5157
171
5
7260
172
4
5261
173
13
6794
174
4
4285
175
1
4425
176
20
4218
177
9
4658
178
4
7233
179
17
6945
180
16
4946
181
1
5850
182
14
1680
183
11
1371
184
4
3516
185
13
5754
186
18
7800
187
11
3312
188
18
5003
189
6
7800
190
8
4973
191
7
7920
192
5
2578
193
7
2315
194
18
3141
195
19
6826
196
10
4147
197
4
5018
198
5
8054
199
6
3378
200
9
5873
157
5
13
148
9
18
61
1
27
115
10
25
171
8
20
100
7
6
27
8
7
28
8
5
125
6
18
159
8
31
103
2
16
129
2
22
45
1
19
62
2
24
20
3
18
111
10
16
189
9
15
73
8
10
163
3
21
175
5
8
42
1
27
131
6
7
7
10
19
37
4
12
63
6
29
23
8
30
156
10
11
49
3
27
177
7
5
14
10
24
140
8
15
16
8
9
174
4
30
40
5
25
74
10
13
24
10
13
30
6
30
148
3
15
53
7
18
22
3
1
131
3
29
55
7
28
155
7
14
39
8
2
101
6
23
134
1
30
79
4
5
102
8
28
69
8
21
83
3
6
30
6
28
63
3
9
40
4
23
28
7
21
162
7
9
130
5
13
99
3
23
141
3
22
73
8
15
126
4
12
88
8
4
116
9
1
118
5
30
65
5
5
140
6
17
16
4
30
176
5
23
133
2
31
71
2
19
61
3
4
96
8
24
144
4
16
126
1
21
150
6
9
73
7
27
199
7
30
157
2
2
2
4
1
195
9
7
110
2
12
3
1
30
146
6
25
56
10
8
119
4
24
4
9
26
15
6
9
37
1
25
138
9
18
115
4
7
191
4
31
180
5
9
61
9
10
159
10
31
141
10
10
73
5
23
74
6
31
107
8
13
109
2
31
66
8
15
89
8
16
0
